1 0.00
6.16401E-03 1.09753E-03
4.74678E-02 5.17072E-02
6.04010E-02 1.18801E-04
6.08830E-02 4.13544E-05
6.20877E-02 5.09951E-05
6.95470E-02 4.84520E-05
7.12428E-02 2.68020E-04
7.16460E-02 1.34486E-05
1.01705E-01 5.52802E-03
1.02187E-01 3.47404E-02
1.03392E-01 3.06777E-02
1.10851E-01 1.77125E-02
1.12950E-01 4.81564E-03
1.25480E-01 3.04142E-05
1.25962E-01 1.03191E-04
1.27166E-01 8.49289E-05
1.34626E-01 5.42269E-05
1.36725E-01 1.48186E-05
1.42884E-01 5.97023E-03
1.84192E-01 1.91324E-04
1.97121E-01 7.69803E-04
1.97603E-01 1.23382E-04
1.98808E-01 1.19152E-04
2.06267E-01 2.31783E-04
2.08366E-01 6.60486E-05
2.38429E-01 2.25367E-05
2.38911E-01 3.53928E-05
2.40116E-01 2.30467E-05
2.47575E-01 1.97518E-05
2.49674E-01 5.45466E-06
2.55834E-01 6.25701E-05
3.10071E-01 9.04148E-06
3.10553E-01 1.13696E-06
3.11758E-01 7.87446E-07
3.19217E-01 2.52035E-06
3.21316E-01 7.27062E-07

