1 0.00
1.94297E-05 1.28087E+00
3.31365E-05 8.92734E-08
2.19884E-04 9.09227E-05
4.82000E-04 1.05223E-07
1.20470E-03 1.23476E-07
1.63903E-03 3.88609E-03
1.68670E-03 1.05166E-05
6.98230E-03 8.75531E-04
7.20020E-03 7.14512E-06
7.45931E-03 6.49705E-06
7.83281E-03 1.44873E-03
7.88959E-03 1.27841E-02
8.18701E-03 3.41356E-04
8.66399E-03 9.78774E-06
8.88689E-03 1.93940E-04
9.03261E-03 1.53608E-04
9.03751E-03 1.17562E-02
9.12305E-03 1.44032E-06
9.14599E-03 2.50033E-04
9.18249E-03 1.40939E-06
9.33272E-03 2.48019E-04
9.34358E-03 2.22157E-03
9.48575E-03 3.06292E-05
9.51196E-03 3.13077E-07
9.51949E-03 5.30940E-06
9.52019E-03 2.87791E-07
9.53105E-03 9.73723E-07
9.53291E-03 5.46714E-06
9.55254E-03 2.62822E-06
9.55312E-03 2.23545E-05
9.57631E-03 7.94760E-06
1.02373E-02 7.88938E-05
1.03872E-02 2.49366E-06
1.05374E-02 2.13882E-03
1.06904E-02 1.48240E-05
1.07249E-02 5.31428E-07
1.07357E-02 4.81140E-06
1.07573E-02 2.28504E-05
1.08097E-02 4.70596E-05
1.08692E-02 6.39197E-05
1.10194E-02 7.36562E-07
1.10303E-02 1.14621E-06
1.11987E-02 6.73298E-06
1.12069E-02 8.81527E-06
1.12392E-02 7.53375E-09
1.12398E-02 1.11830E-08
5.47191E-02 1.63172E-02
5.59237E-02 2.85488E-02
6.31238E-02 3.03923E-03
6.33831E-02 5.87418E-03
6.37565E-02 6.16681E-05
6.38133E-02 7.84966E-05
6.50467E-02 6.83509E-04
6.51063E-02 1.32314E-03
6.52562E-02 1.45294E-05
6.52671E-02 1.84032E-05
6.54356E-02 1.54461E-04
6.54439E-02 3.20040E-04
6.54762E-02 1.60842E-07
6.54766E-02 1.92701E-07

